{
 "cells": [
  {
   "cell_type": "code",
   "execution_count": 1,
   "metadata": {},
   "outputs": [],
   "source": [
    "import sys\n",
    "sys.path.insert(0,'..')\n",
    "\n",
    "from pyfeti.cases.case1 import K1, K2, B1_dict, B2_dict, global_to_local_dict_1, global_to_local_dict_2, dofs_dict"
   ]
  },
  {
   "cell_type": "code",
   "execution_count": 3,
   "metadata": {},
   "outputs": [
    {
     "data": {
      "text/plain": [
       "matrix([[ 1.03846154e+10,  3.75000000e+09, -6.34615385e+09,\n",
       "         -2.88461538e+08, -5.19230769e+09, -3.75000000e+09,\n",
       "          1.15384615e+09,  2.88461538e+08,  0.00000000e+00,\n",
       "          0.00000000e+00,  0.00000000e+00,  0.00000000e+00,\n",
       "          0.00000000e+00,  0.00000000e+00,  0.00000000e+00,\n",
       "          0.00000000e+00,  0.00000000e+00,  0.00000000e+00],\n",
       "        [ 3.75000000e+09,  1.03846154e+10,  2.88461538e+08,\n",
       "          1.15384615e+09, -3.75000000e+09, -5.19230769e+09,\n",
       "         -2.88461538e+08, -6.34615385e+09,  0.00000000e+00,\n",
       "          0.00000000e+00,  0.00000000e+00,  0.00000000e+00,\n",
       "          0.00000000e+00,  0.00000000e+00,  0.00000000e+00,\n",
       "          0.00000000e+00,  0.00000000e+00,  0.00000000e+00],\n",
       "        [-6.34615385e+09,  2.88461538e+08,  2.07692308e+10,\n",
       "         -2.20232010e-02,  2.30769231e+09, -2.10478306e-02,\n",
       "         -5.19230769e+09,  3.75000000e+09,  0.00000000e+00,\n",
       "          0.00000000e+00,  0.00000000e+00,  0.00000000e+00,\n",
       "         -6.34615385e+09, -2.88461538e+08, -5.19230769e+09,\n",
       "         -3.75000000e+09,  0.00000000e+00,  0.00000000e+00],\n",
       "        [-2.88461538e+08,  1.15384615e+09, -2.20241547e-02,\n",
       "          2.07692308e+10, -2.10477114e-02, -1.26923077e+10,\n",
       "          3.75000000e+09, -5.19230769e+09,  0.00000000e+00,\n",
       "          0.00000000e+00,  0.00000000e+00,  0.00000000e+00,\n",
       "          2.88461538e+08,  1.15384615e+09, -3.75000000e+09,\n",
       "         -5.19230769e+09,  0.00000000e+00,  0.00000000e+00],\n",
       "        [-5.19230769e+09, -3.75000000e+09,  2.30769231e+09,\n",
       "         -2.10478306e-02,  4.15384615e+10, -4.04210091e-02,\n",
       "         -1.26923077e+10,  4.49681282e-02,  2.30769231e+09,\n",
       "         -1.92341805e-02, -5.19230769e+09,  3.75000000e+09,\n",
       "         -5.19230769e+09,  3.75000000e+09, -1.26923077e+10,\n",
       "          1.55246854e-02, -5.19230769e+09, -3.75000000e+09],\n",
       "        [-3.75000000e+09, -5.19230769e+09, -2.10479498e-02,\n",
       "         -1.26923077e+10, -4.04210091e-02,  4.15384615e+10,\n",
       "          4.49683666e-02,  2.30769231e+09, -1.92346573e-02,\n",
       "         -1.26923077e+10,  3.75000000e+09, -5.19230769e+09,\n",
       "          3.75000000e+09, -5.19230769e+09,  1.55248046e-02,\n",
       "          2.30769231e+09, -3.75000000e+09, -5.19230769e+09],\n",
       "        [ 1.15384615e+09, -2.88461538e+08, -5.19230769e+09,\n",
       "          3.75000000e+09, -1.26923077e+10,  4.49681282e-02,\n",
       "          2.07692308e+10, -4.12774086e-02, -5.19230769e+09,\n",
       "         -3.75000000e+09,  1.15384615e+09,  2.88461538e+08,\n",
       "          0.00000000e+00,  0.00000000e+00,  0.00000000e+00,\n",
       "          0.00000000e+00,  0.00000000e+00,  0.00000000e+00],\n",
       "        [ 2.88461538e+08, -6.34615385e+09,  3.75000000e+09,\n",
       "         -5.19230769e+09,  4.49684858e-02,  2.30769231e+09,\n",
       "         -4.12774086e-02,  2.07692308e+10, -3.75000000e+09,\n",
       "         -5.19230769e+09, -2.88461538e+08, -6.34615385e+09,\n",
       "          0.00000000e+00,  0.00000000e+00,  0.00000000e+00,\n",
       "          0.00000000e+00,  0.00000000e+00,  0.00000000e+00],\n",
       "        [ 0.00000000e+00,  0.00000000e+00,  0.00000000e+00,\n",
       "          0.00000000e+00,  2.30769231e+09, -1.92347765e-02,\n",
       "         -5.19230769e+09, -3.75000000e+09,  2.07692308e+10,\n",
       "         -1.83963776e-02, -6.34615385e+09, -2.88461538e+08,\n",
       "          0.00000000e+00,  0.00000000e+00, -5.19230769e+09,\n",
       "          3.75000000e+09, -6.34615385e+09,  2.88461538e+08],\n",
       "        [ 0.00000000e+00,  0.00000000e+00,  0.00000000e+00,\n",
       "          0.00000000e+00, -1.92342997e-02, -1.26923077e+10,\n",
       "         -3.75000000e+09, -5.19230769e+09, -1.83978081e-02,\n",
       "          2.07692308e+10,  2.88461538e+08,  1.15384615e+09,\n",
       "          0.00000000e+00,  0.00000000e+00,  3.75000000e+09,\n",
       "         -5.19230769e+09, -2.88461538e+08,  1.15384615e+09],\n",
       "        [ 0.00000000e+00,  0.00000000e+00,  0.00000000e+00,\n",
       "          0.00000000e+00, -5.19230769e+09,  3.75000000e+09,\n",
       "          1.15384615e+09, -2.88461538e+08, -6.34615385e+09,\n",
       "          2.88461538e+08,  1.03846154e+10, -3.75000000e+09,\n",
       "          0.00000000e+00,  0.00000000e+00,  0.00000000e+00,\n",
       "          0.00000000e+00,  0.00000000e+00,  0.00000000e+00],\n",
       "        [ 0.00000000e+00,  0.00000000e+00,  0.00000000e+00,\n",
       "          0.00000000e+00,  3.75000000e+09, -5.19230769e+09,\n",
       "          2.88461538e+08, -6.34615385e+09, -2.88461538e+08,\n",
       "          1.15384615e+09, -3.75000000e+09,  1.03846154e+10,\n",
       "          0.00000000e+00,  0.00000000e+00,  0.00000000e+00,\n",
       "          0.00000000e+00,  0.00000000e+00,  0.00000000e+00],\n",
       "        [ 0.00000000e+00,  0.00000000e+00, -6.34615385e+09,\n",
       "          2.88461538e+08, -5.19230769e+09,  3.75000000e+09,\n",
       "          0.00000000e+00,  0.00000000e+00,  0.00000000e+00,\n",
       "          0.00000000e+00,  0.00000000e+00,  0.00000000e+00,\n",
       "          1.03846154e+10, -3.75000000e+09,  1.15384615e+09,\n",
       "         -2.88461538e+08,  0.00000000e+00,  0.00000000e+00],\n",
       "        [ 0.00000000e+00,  0.00000000e+00, -2.88461538e+08,\n",
       "          1.15384615e+09,  3.75000000e+09, -5.19230769e+09,\n",
       "          0.00000000e+00,  0.00000000e+00,  0.00000000e+00,\n",
       "          0.00000000e+00,  0.00000000e+00,  0.00000000e+00,\n",
       "         -3.75000000e+09,  1.03846154e+10,  2.88461538e+08,\n",
       "         -6.34615385e+09,  0.00000000e+00,  0.00000000e+00],\n",
       "        [ 0.00000000e+00,  0.00000000e+00, -5.19230769e+09,\n",
       "         -3.75000000e+09, -1.26923077e+10,  1.55245662e-02,\n",
       "          0.00000000e+00,  0.00000000e+00, -5.19230769e+09,\n",
       "          3.75000000e+09,  0.00000000e+00,  0.00000000e+00,\n",
       "          1.15384615e+09,  2.88461538e+08,  2.07692308e+10,\n",
       "          8.56876373e-04,  1.15384615e+09, -2.88461538e+08],\n",
       "        [ 0.00000000e+00,  0.00000000e+00, -3.75000000e+09,\n",
       "         -5.19230769e+09,  1.55249238e-02,  2.30769231e+09,\n",
       "          0.00000000e+00,  0.00000000e+00,  3.75000000e+09,\n",
       "         -5.19230769e+09,  0.00000000e+00,  0.00000000e+00,\n",
       "         -2.88461538e+08, -6.34615385e+09,  8.56876373e-04,\n",
       "          2.07692308e+10,  2.88461538e+08, -6.34615385e+09],\n",
       "        [ 0.00000000e+00,  0.00000000e+00,  0.00000000e+00,\n",
       "          0.00000000e+00, -5.19230769e+09, -3.75000000e+09,\n",
       "          0.00000000e+00,  0.00000000e+00, -6.34615385e+09,\n",
       "         -2.88461538e+08,  0.00000000e+00,  0.00000000e+00,\n",
       "          0.00000000e+00,  0.00000000e+00,  1.15384615e+09,\n",
       "          2.88461538e+08,  1.03846154e+10,  3.75000000e+09],\n",
       "        [ 0.00000000e+00,  0.00000000e+00,  0.00000000e+00,\n",
       "          0.00000000e+00, -3.75000000e+09, -5.19230769e+09,\n",
       "          0.00000000e+00,  0.00000000e+00,  2.88461538e+08,\n",
       "          1.15384615e+09,  0.00000000e+00,  0.00000000e+00,\n",
       "          0.00000000e+00,  0.00000000e+00, -2.88461538e+08,\n",
       "         -6.34615385e+09,  3.75000000e+09,  1.03846154e+10]])"
      ]
     },
     "execution_count": 3,
     "metadata": {},
     "output_type": "execute_result"
    }
   ],
   "source": [
    "K1"
   ]
  },
  {
   "cell_type": "code",
   "execution_count": 4,
   "metadata": {},
   "outputs": [
    {
     "data": {
      "text/plain": [
       "{(1, 2): <6x18 sparse matrix of type '<class 'numpy.int32'>'\n",
       " \twith 6 stored elements in COOrdinate format>}"
      ]
     },
     "execution_count": 4,
     "metadata": {},
     "output_type": "execute_result"
    }
   ],
   "source": [
    "B1_dict"
   ]
  },
  {
   "cell_type": "code",
   "execution_count": null,
   "metadata": {},
   "outputs": [],
   "source": []
  }
 ],
 "metadata": {
  "kernelspec": {
   "display_name": "Python (NDCSI)",
   "language": "python",
   "name": "ndcsi"
  },
  "language_info": {
   "codemirror_mode": {
    "name": "ipython",
    "version": 3
   },
   "file_extension": ".py",
   "mimetype": "text/x-python",
   "name": "python",
   "nbconvert_exporter": "python",
   "pygments_lexer": "ipython3",
   "version": "3.6.6"
  }
 },
 "nbformat": 4,
 "nbformat_minor": 2
}
